(-115,00, -24,00)
(-115,00, -22,00)
(-113,00, -32,00)
(-113,00, -30,00)
(-113,00, -28,00)
(-113,00, -26,00)
(-113,00, -25,00)
(-113,00, -21,00)
(-113,00, -20,00)
(-113,00, -18,00)
(-113,00, -16,00)
(-111,00, -34,00)
(-111,00, -33,00)
(-111,00, -15,00)
(-111,00, -14,00)
(-111,00, -12,00)
(-109,00, -36,00)
(-109,00, -35,00)
(-109,00, -11,00)
(-109,00, -10,00)
(-107,00, -37,00)
(-107,00, -9,00)
(-107,00, -8,00)
(-105,00, -38,00)
(-105,00, -37,00)
(-105,00, -7,00)
(-105,00, -6,00)
(-105,00, 2,00)
(-105,00, 4,00)
(-105,00, 6,00)
(-105,00, 8,00)
(-105,00, 10,00)
(-105,00, 12,00)
(-105,00, 14,00)
(-105,00, 16,00)
(-105,00, 18,00)
(-105,00, 20,00)
(-103,00, -40,00)
(-103,00, -39,00)
(-103,00, -5,00)
(-103,00, -4,00)
(-103,00, -2,00)
(-103,00, 0,00)
(-103,00, 1,00)
(-103,00, 21,00)
(-103,00, 22,00)
(-101,00, -42,00)
(-101,00, -41,00)
(-101,00, 23,00)
(-101,00, 24,00)
(-101,00, 26,00)
(-99,00, -43,00)
(-99,00, 27,00)
(-99,00, 28,00)
(-97,00, -44,00)
(-97,00, -43,00)
(-97,00, 29,00)
(-97,00, 30,00)
(-97,00, 56,00)
(-97,00, 58,00)
(-97,00, 60,00)
(-97,00, 62,00)
(-97,00, 64,00)
(-97,00, 66,00)
(-95,00, -52,00)
(-95,00, -50,00)
(-95,00, -48,00)
(-95,00, -46,00)
(-95,00, -45,00)
(-95,00, 31,00)
(-95,00, 32,00)
(-95,00, 50,00)
(-95,00, 52,00)
(-95,00, 54,00)
(-95,00, 55,00)
(-95,00, 67,00)
(-93,00, -64,00)
(-93,00, -60,00)
(-93,00, -58,00)
(-93,00, -56,00)
(-93,00, -54,00)
(-93,00, -53,00)
(-93,00, 33,00)
(-93,00, 34,00)
(-93,00, 48,00)
(-93,00, 49,00)
(-93,00, 67,00)
(-91,00, -66,00)
(-91,00, -65,00)
(-91,00, -62,00)
(-91,00, -61,00)
(-91,00, 35,00)
(-91,00, 36,00)
(-91,00, 38,00)
(-91,00, 46,00)
(-91,00, 47,00)
(-91,00, 67,00)
(-91,00, 68,00)
(-89,00, -67,00)
(-89,00, 39,00)
(-89,00, 40,00)
(-89,00, 42,00)
(-89,00, 44,00)
(-89,00, 45,00)
(-89,00, 69,00)
(-87,00, -68,00)
(-87,00, -67,00)
(-87,00, 69,00)
(-87,00, 70,00)
(-85,00, -69,00)
(-85,00, 71,00)
(-85,00, 72,00)
(-85,00, 74,00)
(-83,00, -70,00)
(-83,00, -69,00)
(-83,00, 75,00)
(-83,00, 76,00)
(-81,00, -72,00)
(-81,00, -71,00)
(-81,00, 77,00)
(-81,00, 78,00)
(-79,00, -73,00)
(-79,00, 79,00)
(-77,00, -73,00)
(-77,00, 79,00)
(-77,00, 80,00)
(-75,00, -74,00)
(-75,00, -73,00)
(-75,00, 81,00)
(-73,00, -75,00)
(-73,00, 81,00)
(-73,00, 82,00)
(-71,00, -82,00)
(-71,00, -78,00)
(-71,00, -76,00)
(-71,00, -75,00)
(-71,00, 83,00)
(-69,00, -84,00)
(-69,00, -83,00)
(-69,00, -80,00)
(-69,00, -79,00)
(-69,00, 83,00)
(-67,00, -85,00)
(-67,00, 83,00)
(-65,00, -86,00)
(-65,00, -85,00)
(-65,00, 83,00)
(-65,00, 84,00)
(-63,00, -88,00)
(-63,00, -87,00)
(-63,00, 85,00)
(-61,00, -89,00)
(-61,00, 85,00)
(-61,00, 86,00)
(-59,00, -90,00)
(-59,00, -89,00)
(-59,00, 87,00)
(-57,00, -91,00)
(-57,00, 87,00)
(-55,00, -91,00)
(-55,00, 87,00)
(-55,00, 88,00)
(-53,00, -91,00)
(-53,00, 89,00)
(-51,00, -91,00)
(-51,00, 89,00)
(-49,00, -91,00)
(-49,00, 89,00)
(-47,00, -91,00)
(-45,00, -89,00)
(-47,00, 89,00)
(-47,00, 90,00)
(-43,00, -89,00)
(-45,00, 91,00)
(-45,00, 92,00)
(-43,00, 93,00)
(-41,00, -89,00)
(-41,00, 93,00)
(-39,00, -90,00)
(-39,00, -89,00)
(-39,00, 93,00)
(-39,00, 94,00)
(-37,00, -91,00)
(-37,00, 95,00)
(-35,00, -91,00)
(-35,00, 95,00)
(-35,00, 96,00)
(-33,00, -92,00)
(-33,00, -91,00)
(-31,00, 94,00)
(-31,00, -93,00)
(-29,00, -91,00)
(-30,00, 93,00)
(-27,00, -90,00)
(-27,00, -89,00)
(-29,00, 93,00)
(-29,00, 94,00)
(-29,00, 96,00)
(-25,00, -89,00)
(-27,00, 97,00)
(-25,00, 97,00)
(-23,00, -89,00)
(-21,00, -87,00)
(-22,00, 95,00)
(-19,00, -87,00)
(-21,00, 95,00)
(-18,00, 93,00)
(-17,00, -88,00)
(-17,00, -87,00)
(-17,00, 93,00)
(-15,00, -90,00)
(-15,00, -89,00)
(-15,00, 93,00)
(-13,00, -92,00)
(-13,00, -91,00)
(-13,00, 93,00)
(-11,00, -93,00)
(-10,00, 91,00)
(-9,00, -94,00)
(-9,00, -93,00)
(-9,00, 91,00)
(-7,00, -95,00)
(-5,00, -93,00)
(-6,00, 89,00)
(-3,00, -93,00)
(-5,00, 89,00)
(-1,00, -91,00)
(-3,00, 89,00)
(1,00, -90,00)
(1,00, -88,00)
(1,00, -87,00)
(0,00, 87,00)
(3,00, -87,00)
(1,00, 87,00)
(5,00, -85,00)
(3,00, 87,00)
(7,00, -85,00)
(5,00, 87,00)
(5,00, 88,00)
(7,00, 89,00)
(9,00, -85,00)
(9,00, 89,00)
(9,00, 90,00)
(11,00, -85,00)
(11,00, 91,00)
(13,00, -85,00)
(13,00, 91,00)
(13,00, 92,00)
(15,00, -85,00)
(15,00, 93,00)
(17,00, -85,00)
(17,00, 93,00)
(19,00, -85,00)
(21,00, -83,00)
(19,00, 93,00)
(23,00, -83,00)
(21,00, 93,00)
(23,00, 93,00)
(25,00, -83,00)
(25,00, 93,00)
(25,00, 94,00)
(27,00, -84,00)
(27,00, -83,00)
(29,00, 90,00)
(29,00, 92,00)
(29,00, -85,00)
(30,00, 89,00)
(31,00, -85,00)
(31,00, 89,00)
(33,00, -86,00)
(33,00, -85,00)
(33,00, 89,00)
(35,00, -87,00)
(37,00, -85,00)
(35,00, 89,00)
(39,00, -84,00)
(39,00, -83,00)
(38,00, 87,00)
(41,00, -83,00)
(39,00, 87,00)
(41,00, 87,00)
(43,00, -83,00)
(45,00, -81,00)
(43,00, 87,00)
(43,00, 88,00)
(47,00, -81,00)
(45,00, 89,00)
(47,00, 89,00)
(49,00, -82,00)
(49,00, -81,00)
(49,00, 89,00)
(51,00, -84,00)
(51,00, -83,00)
(51,00, 89,00)
(51,00, 90,00)
(53,00, -85,00)
(53,00, 91,00)
(53,00, 92,00)
(55,00, -85,00)
(55,00, 93,00)
(57,00, -85,00)
(57,00, 93,00)
(57,00, 94,00)
(59,00, -85,00)
(59,00, 95,00)
(61,00, -85,00)
(61,00, 95,00)
(61,00, 96,00)
(63,00, -85,00)
(63,00, 97,00)
(65,00, -85,00)
(67,00, -82,00)
(67,00, -81,00)
(65,00, 97,00)
(69,00, -81,00)
(67,00, 97,00)
(71,00, -79,00)
(70,00, 95,00)
(73,00, -79,00)
(71,00, 95,00)
(75,00, -77,00)
(73,00, 95,00)
(77,00, -76,00)
(77,00, -75,00)
(75,00, 95,00)
(79,00, -75,00)
(78,00, 93,00)
(79,00, 93,00)
(81,00, -75,00)
(83,00, -73,00)
(81,00, 93,00)
(85,00, -73,00)
(83,00, 93,00)
(86,00, 91,00)
(87,00, -73,00)
(87,00, 91,00)
(89,00, -73,00)
(91,00, 88,00)
(89,00, 91,00)
(91,00, -73,00)
(93,00, -71,00)
(93,00, 86,00)
(95,00, -71,00)
(94,00, 85,00)
(97,00, -69,00)
(97,00, 80,00)
(97,00, 82,00)
(95,00, 85,00)
(99,00, -69,00)
(99,00, 74,00)
(99,00, 76,00)
(99,00, 78,00)
(101,00, 60,00)
(101,00, 62,00)
(101,00, 64,00)
(101,00, 66,00)
(101,00, 68,00)
(101,00, 70,00)
(101,00, 72,00)
(101,00, -69,00)
(103,00, -66,00)
(103,00, -65,00)
(103,00, -48,00)
(103,00, -46,00)
(103,00, -45,00)
(103,00, -30,00)
(103,00, -28,00)
(103,00, -26,00)
(103,00, -24,00)
(103,00, -23,00)
(103,00, 58,00)
(105,00, -64,00)
(105,00, -62,00)
(105,00, -61,00)
(105,00, -52,00)
(105,00, -50,00)
(105,00, -44,00)
(105,00, -42,00)
(105,00, -40,00)
(105,00, -38,00)
(105,00, -36,00)
(105,00, -34,00)
(105,00, -32,00)
(105,00, -23,00)
(105,00, 56,00)
(107,00, -60,00)
(107,00, -58,00)
(107,00, -56,00)
(107,00, -54,00)
(107,00, 54,00)
(107,00, -23,00)
(109,00, -21,00)
(109,00, 52,00)
(111,00, -20,00)
(111,00, -18,00)
(111,00, -16,00)
(111,00, -14,00)
(111,00, -13,00)
(111,00, 46,00)
(111,00, 48,00)
(111,00, 50,00)
(113,00, -12,00)
(113,00, -10,00)
(113,00, -8,00)
(113,00, -6,00)
(113,00, -5,00)
(113,00, 42,00)
(113,00, 44,00)
(115,00, -4,00)
(115,00, -2,00)
(115,00, -1,00)
(115,00, 34,00)
(115,00, 36,00)
(115,00, 38,00)
(115,00, 40,00)
(117,00, 0,00)
(117,00, 2,00)
(117,00, 3,00)
(117,00, 26,00)
(117,00, 28,00)
(117,00, 30,00)
(117,00, 32,00)
(119,00, 4,00)
(119,00, 5,00)
(119,00, 20,00)
(119,00, 22,00)
(119,00, 24,00)
(121,00, 6,00)
(121,00, 8,00)
(121,00, 10,00)
(121,00, 12,00)
(121,00, 14,00)
(121,00, 16,00)
(121,00, 18,00)
