(-57, -12)
(-57, -11)
(-56, -16)
(-56, -15)
(-56, -14)
(-56, -13)
(-56, -12)
(-56, -11)
(-56, -10)
(-56, -9)
(-56, -8)
(-55, -17)
(-55, -16)
(-55, -8)
(-55, -7)
(-55, -6)
(-54, -18)
(-54, -17)
(-54, -6)
(-54, -5)
(-53, -18)
(-53, -5)
(-53, -4)
(-52, -19)
(-52, -18)
(-52, -4)
(-52, -3)
(-52, 1)
(-52, 2)
(-52, 3)
(-52, 4)
(-52, 5)
(-52, 6)
(-52, 7)
(-52, 8)
(-52, 9)
(-52, 10)
(-51, -20)
(-51, -19)
(-51, -3)
(-51, -2)
(-51, -1)
(-51, 0)
(-51, 1)
(-51, 10)
(-51, 11)
(-50, -21)
(-50, -20)
(-50, 11)
(-50, 12)
(-50, 13)
(-49, -21)
(-49, 13)
(-49, 14)
(-48, -22)
(-48, -21)
(-48, 14)
(-48, 15)
(-48, 28)
(-48, 29)
(-48, 30)
(-48, 31)
(-48, 32)
(-48, 33)
(-47, -26)
(-47, -25)
(-47, -24)
(-47, -23)
(-47, -22)
(-47, 15)
(-47, 16)
(-47, 25)
(-47, 26)
(-47, 27)
(-47, 28)
(-47, 33)
(-46, -32)
(-46, -30)
(-46, -29)
(-46, -28)
(-46, -27)
(-46, -26)
(-46, 16)
(-46, 17)
(-46, 24)
(-46, 25)
(-46, 33)
(-45, -33)
(-45, -32)
(-45, -31)
(-45, -30)
(-45, 17)
(-45, 18)
(-45, 19)
(-45, 23)
(-45, 24)
(-45, 33)
(-45, 34)
(-44, -33)
(-44, 19)
(-44, 20)
(-44, 21)
(-44, 22)
(-44, 23)
(-44, 34)
(-43, -34)
(-43, -33)
(-43, 34)
(-43, 35)
(-42, -34)
(-42, 35)
(-42, 36)
(-42, 37)
(-41, -35)
(-41, -34)
(-41, 37)
(-41, 38)
(-40, -36)
(-40, -35)
(-40, 38)
(-40, 39)
(-39, -36)
(-39, 39)
(-38, -36)
(-38, 39)
(-38, 40)
(-37, -37)
(-37, -36)
(-37, 40)
(-36, -37)
(-36, 40)
(-36, 41)
(-35, -41)
(-35, -39)
(-35, -38)
(-35, -37)
(-35, 41)
(-34, -42)
(-34, -41)
(-34, -40)
(-34, -39)
(-34, 41)
(-33, -42)
(-33, 41)
(-32, -43)
(-32, -42)
(-32, 41)
(-32, 42)
(-31, -44)
(-31, -43)
(-31, 42)
(-30, -44)
(-30, 42)
(-30, 43)
(-29, -45)
(-29, -44)
(-29, 43)
(-28, -45)
(-28, 43)
(-27, -45)
(-27, 43)
(-27, 44)
(-26, -45)
(-26, 44)
(-25, -45)
(-25, 44)
(-24, -45)
(-24, 44)
(-23, -45)
(-23, -44)
(-23, 44)
(-23, 45)
(-22, -44)
(-22, 45)
(-22, 46)
(-21, -44)
(-21, 46)
(-20, -44)
(-20, 46)
(-19, -45)
(-19, -44)
(-19, 46)
(-19, 47)
(-18, -45)
(-18, 47)
(-17, -45)
(-17, 47)
(-17, 48)
(-16, -46)
(-16, -45)
(-16, 47)
(-15, -46)
(-15, -45)
(-15, 46)
(-14, -45)
(-14, -44)
(-14, 46)
(-14, 47)
(-14, 48)
(-13, -44)
(-13, 48)
(-12, -44)
(-12, 48)
(-11, -44)
(-11, -43)
(-11, 47)
(-10, -43)
(-10, 47)
(-9, -43)
(-9, 46)
(-8, -44)
(-8, -43)
(-8, 46)
(-7, -45)
(-7, -44)
(-7, 46)
(-6, -46)
(-6, -45)
(-6, 46)
(-5, -46)
(-5, 45)
(-4, -47)
(-4, -46)
(-4, 45)
(-3, -47)
(-3, -46)
(-3, 44)
(-2, -46)
(-2, 44)
(-1, -46)
(-1, -45)
(-1, 44)
(0, -45)
(0, -44)
(0, -43)
(0, 43)
(1, -43)
(1, 43)
(2, -43)
(2, -42)
(2, 43)
(3, -42)
(3, 43)
(3, 44)
(4, -42)
(4, 44)
(5, -42)
(5, 44)
(5, 45)
(6, -42)
(6, 45)
(7, -42)
(7, 45)
(7, 46)
(8, -42)
(8, 46)
(9, -42)
(9, 46)
(10, -42)
(10, -41)
(10, 46)
(11, -41)
(11, 46)
(12, -41)
(12, 46)
(13, -41)
(13, 46)
(13, 47)
(14, -42)
(14, -41)
(14, 45)
(14, 46)
(15, -42)
(15, 44)
(16, -42)
(16, 44)
(17, -43)
(17, -42)
(17, 44)
(18, -43)
(18, -42)
(18, 44)
(19, -42)
(19, -41)
(19, 43)
(20, -41)
(20, 43)
(21, -41)
(21, 43)
(22, -41)
(22, -40)
(22, 43)
(22, 44)
(23, -40)
(23, 44)
(24, -40)
(24, 44)
(25, -41)
(25, -40)
(25, 44)
(26, -42)
(26, -41)
(26, 44)
(26, 45)
(27, -42)
(27, 45)
(27, 46)
(28, -42)
(28, 46)
(29, -42)
(29, 46)
(29, 47)
(30, -42)
(30, 47)
(31, -42)
(31, 47)
(31, 48)
(32, -42)
(32, 48)
(33, -42)
(33, -41)
(33, -40)
(33, 48)
(34, -40)
(34, 48)
(35, -40)
(35, -39)
(35, 47)
(36, -39)
(36, 47)
(37, -39)
(37, -38)
(37, 47)
(38, -38)
(38, -37)
(38, 47)
(39, -37)
(39, 46)
(40, -37)
(40, 46)
(41, -37)
(41, -36)
(41, 46)
(42, -36)
(42, 46)
(43, -36)
(43, 45)
(44, -36)
(44, 45)
(45, -36)
(45, 44)
(45, 45)
(46, -36)
(46, -35)
(46, 43)
(47, -35)
(47, 42)
(48, -35)
(48, -34)
(48, 40)
(48, 41)
(48, 42)
(49, -34)
(49, 37)
(49, 38)
(49, 39)
(50, -34)
(50, 30)
(50, 31)
(50, 32)
(50, 33)
(50, 34)
(50, 35)
(50, 36)
(51, -34)
(51, -33)
(51, -32)
(51, -24)
(51, -23)
(51, -22)
(51, -15)
(51, -14)
(51, -13)
(51, -12)
(51, -11)
(51, 29)
(52, -32)
(52, -31)
(52, -30)
(52, -26)
(52, -25)
(52, -22)
(52, -21)
(52, -20)
(52, -19)
(52, -18)
(52, -17)
(52, -16)
(52, -11)
(52, 28)
(53, -30)
(53, -29)
(53, -28)
(53, -27)
(53, -11)
(53, 27)
(54, -11)
(54, -10)
(54, 26)
(55, -10)
(55, -9)
(55, -8)
(55, -7)
(55, -6)
(55, 23)
(55, 24)
(55, 25)
(56, -6)
(56, -5)
(56, -4)
(56, -3)
(56, -2)
(56, 21)
(56, 22)
(57, -2)
(57, -1)
(57, 0)
(57, 17)
(57, 18)
(57, 19)
(57, 20)
(58, 0)
(58, 1)
(58, 2)
(58, 13)
(58, 14)
(58, 15)
(58, 16)
(59, 2)
(59, 3)
(59, 10)
(59, 11)
(59, 12)
(60, 3)
(60, 4)
(60, 5)
(60, 6)
(60, 7)
(60, 8)
(60, 9)
